777026930
740444084
739020002
715132390
706805156
631236511
579560902
579497892
579494006
579488488
579488490
574297294
574297256
574215786
574215780
572675546
572675540
572280366
572280392
572086830
572086816
565658441
565658195
565658433
565643811
565626729
565609019
905053780
766131214
759035104
750433032
10096212481
10054199053
4202318964
3878575730
4031735240
3878574838
4031698026
3878532394
3866729020
975761109
3743270835
3633756127
3633771763
3652552833
3633789697
3633751869
3626873183
3626868729
3574761825
3560821335
2822964701
2822959501
2822901649
2822896385
2276690831
2276687291
2276686687
2228548167
2182918061
2138157831
2044944026
2033818786
1899953213
1899952943
1899921857
1885827061
1840201063
1783241568
1734158960
1556343356
1506915434
1506899242
1506831542
1368842119
1255502484
1255502392
1255502312
1255502234
1248587991
1230298539
1223209271
1182622271
1178378059
1178359931
1168846003
1168785633
1147757211
1142529497
1114542155
1110828131
1104458935
1043222992
1007697807
