10
100
1000
10009
10017
10018
1002
10020
10022
10023
10026
10027
1003
10032
10034
10044
10047
10049
10050
10052
10054
10055
10057
10058
10060
10061
10062
10064
10065
10066
10068
10069
1007
10071
10073
10076
10077
10079
10080
10082
10083
10085
10089
1009
10090
10091
10094
101
10101
10102
10103
10104
10106
10110
10111
10112
10115
10116
10117
10121
10123
10126
10128
10129
10136
10138
1014
10140
10141
10143
10145
10147
10148
10149
10150
10154
10156
10160
10161
10163
10165
10167
10169
1017
10171
10180
10182
10186
10187
10189
10192
10193
10194
10196
10198
10199
102
1020
10203
10207
10208
10209
1021
10213
10214
10215
10219
1022
10221
10222
10229
10233
10235
10236
10237
10238
10241
10242
10244
10246
1025
10255
10259
10260
10262
10266
10267
10268
10269
1027
10270
10271
10273
10276
10278
10280
10281
10283
10285
10286
10289
10293
10294
10295
10296
10298
103
1030
10300
10301
10302
10303
10309
10310
10311
10313
10318
1032
10321
10323
10328
10329
10331
10334
10335
10337
10341
10342
10346
10347
10348
10349
1035
10350
10351
10353
10354
10355
10358
10359
10360
10362
10367
10370
10371
10379
10380
10383
10385
10388
10389
10390
10391
10393
10395
10396
10399
104
10400
10401
10404
10405
10406
10407
10408
10409
1041
10414
10415
10416
10418
1042
10421
10422
10425
10427
10428
1043
10430
10431
10432
10433
10438
10441
10442
10443
10446
10448
10449
10450
10451
10453
10454
10455
10456
10457
10458
10459
10460
10464
10465
10467
1047
10471
10473
10477
10479
10484
10486
10489
1049
10491
10492
10494
10497
105
1050
10502
10504
10506
10507
1051
10510
10511
10517
10518
10522
10524
10526
10527
10528
10529
1053
10535
10537
1054
10541
10549
1055
10551
10554
10555
10557
10558
10560
10561
10562
10568
10572
10574
10577
10578
10579
10582
10589
1059
10590
10592
10596
10597
10598
10599
106
1060
10602
10603
10606
10607
10609
10610
10612
10614
10615
10618
10619
1062
10621
10623
10628
10630
10634
10636
10637
10641
10643
10645
10646
10647
10648
10649
1065
10651
10652
10653
10654
10655
10656
10658
1066
10661
10662
10664
10666
10668
10669
1067
10670
10673
10676
10678
10681
10683
10684
10685
10686
10689
1069
10691
10693
10694
10695
10696
10697
107
10702
10707
10709
10711
10713
10715
10716
10719
10721
10723
10729
10730
10731
10733
10735
10736
1074
10741
10742
10744
10745
10746
10749
1075
10750
10757
10759
1076
10762
10763
10764
10765
10767
10769
1077
10771
10774
10776
10777
1078
10780
10782
10783
10784
10789
1079
10794
10797
10799
10802
10804
10806
10807
10808
1081
10810
10811
10814
10815
10819
1082
10824
1083
10834
10836
10840
10842
10844
10847
10849
10851
10852
10855
10857
10858
10859
10860
10861
10863
10864
10865
10872
10873
10878
10879
10881
1089
10890
10893
10896
10897
10899
109
1090
10902
10903
10904
10905
10906
10907
10909
1091
10910
10911
10912
10913
10914
10915
10916
10917
10918
10919
1092
10920
10922
10925
10927
10929
1093
10930
10934
10935
10937
10938
10939
1094
10940
10943
10944
10945
10947
10948
10949
10950
10955
10956
10958
10959
10960
10963
10964
10965
10967
1097
10971
10973
10977
10978
10979
10980
10982
10983
10984
10985
10987
10989
1099
10992
10993
10994
10995
10996
10999
110
11000
11001
11002
11003
11004
11005
11006
11007
11008
1101
11010
11014
11015
11017
11021
11024
11026
11027
11028
11030
11031
11034
11035
11039
11040
11041
11043
11044
11046
11049
1105
11052
11053
11055
11059
11066
11067
11069
1107
11072
11076
11078
11081
11083
11084
11085
11087
11089
11091
11094
11095
11097
11100
11102
11103
11104
11109
1111
11113
11114
11119
11121
11124
11128
11129
11130
11135
11136
11139
11141
11142
11145
11146
11147
11148
1115
11154
11155
11160
11161
11162
11164
11168
11176
11179
11181
11184
11189
11191
11192
11193
11194
11195
11196
11197
11199
1120
11201
11205
11209
1121
11213
11214
11215
11216
11218
11219
1122
11222
11223
11225
11226
1123
11231
11232
11233
11234
11235
11237
11240
11241
11243
11244
11245
11247
11248
11252
11259
11261
11263
11264
11266
11268
11270
11280
11282
11284
11285
11286
11289
1129
11292
11294
11297
11298
113
11304
11306
11307
11308
11309
11312
11313
11319
11320
11322
11323
11324
11325
11328
11330
11333
11334
11336
11339
11341
11342
11345
1135
11353
11356
11357
11361
11364
11368
11371
11372
11374
11375
11380
11381
11382
11383
11384
11386
11387
11388
11389
11390
11391
11394
11398
11399
114
11401
11402
11410
11412
11413
11415
11417
1142
11420
11421
11422
11423
11424
11428
1143
11435
11436
11437
11438
11439
11440
11442
11443
11445
11448
11450
11451
11454
11456
11457
11461
11462
11466
11474
11475
11476
11479
11480
11482
11484
11487
11488
11489
11490
11491
11492
11493
11495
11497
11498
115
1150
11500
11501
11503
11504
11505
11506
11507
11508
11509
11510
11513
11514
11515
11516
11517
11518
11520
11522
11524
11525
11526
11527
11528
11529
1153
11531
11532
11533
11534
11535
11536
11537
11538
11539
1154
11540
11541
11542
11543
11544
11545
11546
11547
11548
1155
11550
11553
11558
11559
1156
11560
11561
11562
11563
11564
11565
11567
11568
11569
11570
11571
11572
11573
11574
11576
11577
11578
11579
11580
11581
11583
11584
11585
11586
11587
11588
11589
1159
11591
11592
11593
11594
11595
11596
11597
11599
11600
11601
11602
11603
11604
11605
11606
11607
11608
1161
11610
11611
11612
11613
11615
11616
11617
11618
11619
1162
11620
11621
11622
11623
11624
11625
11626
11627
11628
11629
11630
1165
11660
11664
1167
11672
11673
11674
1169
11699
117
11702
11714
11715
11716
11717
11718
11719
11720
11721
11722
11723
11724
11725
11726
11727
11731
11732
11733
11735
11736
11737
11738
11746
11747
11748
11749
1175
11750
11751
11752
11753
11754
11755
11756
11757
11758
11759
1176
11760
11761
11762
11763
11764
11765
11766
11767
11768
11769
1177
11770
11771
11772
11775
11776
11777
11778
1178
11781
11783
11784
11785
11787
11788
11789
11790
11792
11793
11795
11796
11797
11798
118
11800
11802
11803
11804
11805
11806
11807
11809
11810
11811
11812
11813
11817
11821
11822
11823
11825
11826
11827
11828
11829
11830
11831
11833
11834
11835
11836
11837
11838
11839
11840
11841
11842
11843
11844
11845
11846
11847
11848
11849
11850
11851
11852
11853
11854
11855
11856
11858
11859
11860
11861
11862
11863
11865
11866
11867
11868
11869
11870
11871
11872
11873
11875
11876
11877
11878
11879
11880
11881
11882
11883
11884
11885
11886
11887
11888
11889
11897
11899
11902
11903
11904
11908
11909
11913
11914
11916
11919
11920
11922
11923
11924
11925
11926
11934
11935
11936
11938
11939
11941
11944
11946
11948
11949
11950
11959
11960
11961
11965
11970
11973
1199
1202
1203
1204
12047
1205
1206
12062
12070
12071
12072
12073
12076
12077
12078
1208
12081
12084
12085
12086
12087
12088
12089
12090
12091
12092
12093
12094
12095
12096
12097
12098
12099
121
12100
12101
12102
12103
12110
12114
12115
12116
1212
12121
12122
12124
12125
12126
12127
12128
12129
1213
12133
12134
12135
12139
12140
12141
12142
12145
12146
12147
12148
1215
12152
12153
12154
12155
12156
12157
12158
12159
1216
12160
12161
12162
12163
12164
12165
12169
1217
12170
12171
12172
12173
12174
12178
12179
1218
12180
12181
12182
12183
12184
12185
12186
12187
12189
12190
12191
12192
12193
12194
12195
12196
12197
12199
122
12203
12204
12208
12213
12214
12215
12218
12219
12220
12221
12222
12223
12226
12227
12229
12238
12239
12240
12242
12243
12244
12245
12246
12247
12248
12249
12250
12251
12252
12253
12254
12255
12256
12257
12258
12259
1226
12261
12263
12264
12265
1227
12280
12281
12282
12283
1229
12292
12293
12294
12295
12296
12297
12298
12299
1230
12300
12301
12302
12303
12304
12305
12306
12307
12308
12309
12310
12313
12315
12316
12317
12318
12319
1232
12320
12321
12322
12323
12324
12325
12326
12327
12328
12329
1233
12330
12331
12332
12333
12334
12335
12336
12337
12338
12339
1234
12340
12341
12349
1235
12350
12351
12352
12353
12354
1236
12370
12371
12372
12373
12374
12376
12377
12378
12379
1238
12381
12382
12383
12384
12385
12386
12387
12388
12389
1239
12390
12393
12394
12395
12396
12397
12398
12399
12400
12401
12402
12403
12404
12406
12408
12409
1241
12410
12411
12412
12413
12414
12415
12416
12417
12418
12419
1242
12420
12421
12422
12423
12424
12425
12426
12428
12429
1243
12430
12431
12432
12433
12436
12437
1244
12440
12441
12442
12443
12444
12448
12453
12454
12455
12456
1246
12464
12465
12466
12473
12475
12476
12487
12488
12489
1249
12490
12491
12493
12494
12495
12496
12512
12521
12534
12541
12543
12547
12548
12549
12550
12551
12552
12553
12554
12555
1256
12560
12561
12562
12563
1257
1258
12591
126
12600
12601
12602
12603
12604
12605
1261
1262
12620
12621
12623
12624
12625
12626
12629
1263
12631
12636
12637
12640
12644
1265
12661
12662
12664
12665
12666
1269
127
1270
1271
12729
12741
12745
1275
12766
12767
12768
12769
12770
12771
12772
12774
12775
12776
12777
12778
12779
1278
12780
12781
12782
12783
12784
12785
12786
12787
12788
12789
12790
12791
12792
12793
12794
12795
12796
12798
12799
128
12800
12801
12802
12803
12804
12805
12806
12807
12808
12809
1281
12810
12811
12812
12813
12814
12815
12816
12817
12818
12819
1282
12820
12822
12828
1288
12881
12882
12883
12884
12885
12886
12888
12889
12890
129
12907
1291
1293
12939
12940
12941
12942
12943
12944
12945
1296
1297
12980
12981
12982
12983
12984
12985
12987
12988
12989
12992
12993
12994
12995
12996
12997
12998
12999
13
13000
13001
13002
13003
13004
13005
13006
13007
13008
1301
1302
1303
13036
13037
13038
13039
13042
13043
13044
13045
13046
13047
13048
13051
13052
13053
13054
13055
13056
13057
13062
1308
1309
13123
13149
13150
13152
13168
13181
13182
13183
13184
132
1320
1322
1325
1326
13265
13266
13267
13268
13275
1328
13284
13285
13287
13289
1329
13290
13291
13292
13294
13295
13296
13298
13299
1330
13300
1331
13320
13322
13323
13324
13325
13326
13327
13328
13329
13336
13337
13338
13346
13353
13354
13355
13356
13357
13358
13359
13360
13364
13365
13366
13368
13369
1337
13374
13378
13381
13382
13388
13389
13390
13391
13392
13393
13394
13395
13397
13399
1340
13401
13402
13403
13404
13405
13406
13407
13408
13409
1341
13410
13411
13412
13413
13414
13415
13418
13419
13420
13421
13422
13423
13424
13425
13426
13427
13428
13429
13437
13438
13439
13440
13442
13444
13445
13447
13450
13452
13453
13454
13455
13456
13457
13460
13462
13463
13464
13466
13467
13470
13471
13479
1348
13480
13482
13484
13485
13488
13493
13494
13500
13503
13506
13509
1351
13510
13511
13512
13513
13514
13515
13516
13517
13518
13519
1352
13520
13521
13522
13523
13524
13525
13526
13527
13528
13529
1353
13530
13531
13533
13536
13537
13538
13539
1354
13540
13541
13542
13543
13544
1356
13587
13588
13589
13590
13591
13593
13594
13595
13596
13597
13598
13599
136
13600
13601
13602
13603
13604
13605
13606
13607
13612
13613
13614
13615
13616
13617
13618
13619
13620
13621
13622
13623
13624
13625
13626
13627
13628
13629
13630
13631
13634
13635
13636
13637
13638
13639
13640
13641
13642
13643
13644
13645
13646
13647
13648
13649
13650
13651
13652
13653
13654
13655
13656
13657
13658
13659
1366
13660
13661
13662
13663
13664
13665
13666
13667
13668
13669
13670
13672
13674
13676
13679
13685
13686
13688
13689
1369
13691
13692
13693
13694
13695
13696
13697
13698
13699
137
1370
13700
13701
13702
13703
13704
13705
13706
13707
13708
13709
1371
13710
1372
13734
1375
1376
13760
13761
138
13800
13801
13802
13803
1381
1382
13822
13823
13824
13836
13846
13847
13848
13849
1385
13850
13851
13852
13853
13854
13855
13856
13858
1388
1389
139
1390
1393
1394
1395
1396
13966
13967
13969
13970
13971
13972
13973
13974
13975
13976
13977
13978
13979
1398
13980
13981
13982
13983
13984
13985
13986
13987
13988
13989
13990
13991
13992
13993
13994
13995
13996
13997
13998
13999
14000
14001
14002
14003
14005
14006
14007
14008
1401
14011
14012
14014
14016
14017
14018
14019
14022
14024
14025
14026
14027
14028
14029
1403
14030
14031
14032
14033
14035
14036
14037
14038
14039
1404
14040
14041
14042
14043
14044
14045
14046
14047
14048
14049
1405
14050
14051
14052
14053
14054
14055
14056
14057
14058
1406
14060
14061
14062
14063
14064
14065
14066
14067
14068
14069
1407
14070
14071
14072
14073
14074
14075
14076
14077
14079
14080
14081
14082
14083
14084
14085
14086
14087
14088
14089
14090
14091
14092
14093
14094
14095
14096
14097
14098
14099
141
1410
14100
14101
14102
14103
14104
14105
14106
14107
14109
14110
14111
14112
14113
14114
14115
14116
14117
14119
14121
14122
14124
14125
14126
14127
14128
14132
14133
14134
14135
14136
14137
14138
1414
14141
14142
14144
14145
14148
14152
14154
14157
14158
14159
1416
14160
14161
14162
14163
14165
14166
1417
14174
14175
14177
14178
14180
14182
14184
14185
14189
14190
14193
14194
14196
14199
1420
14200
14201
14202
14204
14207
14208
14209
1421
14210
14211
14214
14215
14216
14217
14218
14219
14221
14222
14227
14228
14231
14235
14236
14237
14238
1424
14240
14241
14245
14248
14249
14250
14251
14252
14253
14254
14255
14256
14257
14258
14260
14261
14262
14263
14264
14265
14266
14267
14268
14269
1427
14270
14271
14272
14274
14277
14278
1428
1429
143
1430
14309
1431
14310
14311
14312
14313
14314
14315
14316
14317
14318
14319
1432
1434
1435
1436
1437
14372
14373
14374
14375
14376
14377
14378
14379
144
1440
1441
1444
1445
14456
1446
14460
1447
14485
14486
14487
14488
14489
1449
14490
14491
14499
145
1450
14500
14501
1452
14523
14530
14532
1454
14547
14565
1457
1458
14580
1459
146
1460
14603
14604
14606
14629
1463
14630
14631
14632
14633
14634
14635
14636
14637
14638
14639
14640
14641
14642
14643
14644
14645
14646
14665
1467
14676
14687
1469
1470
14701
14707
1471
14710
1472
1473
1474
1475
14750
14751
14752
14753
14754
14755
14762
1478
14784
14785
14786
14789
14792
14798
1480
14802
1481
14810
14830
14831
14843
14845
14852
14854
1486
14874
14875
14876
14877
1488
14889
1489
14893
14899
149
14900
14901
14902
14903
14904
14905
14906
14908
14909
1491
14910
14911
14912
14913
14914
14916
14917
14918
14919
1492
14920
14921
14922
14923
14924
14925
14926
14927
14928
1493
14930
14931
14932
14933
14934
14935
14936
14937
14938
14939
1494
14940
14941
14967
14968
1497
14984
14985
14986
14987
14988
14989
1499
15
150
1501
1503
15033
1505
1506
1507
151
1511
1515
1517
152
1520
1521
1523
1525
1529
153
1530
1531
15316
15317
15318
15319
1534
1535
1536
1537
15379
1538
1539
1540
1542
15427
15428
15430
15431
15432
15433
15434
15435
15437
15440
15443
15444
15445
15446
15447
15448
15449
1545
15450
15451
15452
15453
15454
15455
15456
15473
15474
15475
15476
15477
15478
15479
1548
15480
15481
15482
15483
15484
15485
15486
15487
15488
15489
15490
15491
15492
15493
15497
15501
1551
1553
1554
15547
15548
1555
156
1561
15612
15613
15629
15630
15631
15632
15635
15638
15639
15641
15643
15644
15645
15646
15647
15648
1565
15652
15653
15654
15655
1566
15661
15662
15663
15664
15665
15666
15669
1567
15670
15671
15681
15685
15686
15687
15688
1569
1570
15700
15718
15719
1572
1573
15739
15740
15741
15742
15743
15744
15746
15747
15748
15749
15750
15751
15752
15753
15754
15755
15756
15757
15758
15763
1577
1578
15785
158
1580
1582
15842
15843
15844
15845
15846
15847
15848
15849
15851
15852
15853
15854
15855
15856
15857
15861
1587
1589
159
1590
15907
1591
15914
15915
15946
15951
15952
1596
1597
16
1600
16004
1603
1604
1605
1607
16075
16076
1608
16106
16107
16121
16124
16125
16129
1613
1615
16155
1617
1618
16186
1619
1620
16211
16212
1622
16220
16221
16223
1623
16232
16233
16234
16235
16236
16237
16238
16239
1624
16240
16241
16242
16243
16244
16246
16247
16248
16249
1625
16250
16251
16252
16253
16254
16255
16256
16257
16258
16259
16260
1627
1633
1634
16342
16349
1635
16350
16351
16352
16353
16354
1636
16363
16367
16368
16369
1637
16370
16371
16375
16376
1638
16387
1639
16390
16391
16392
16393
16394
16395
16396
16397
16398
164
16408
1641
16415
16416
16417
16418
16419
16420
16421
16422
16423
16424
16425
16426
16430
16431
16442
16443
16444
16445
16446
16447
16448
16449
16469
1648
16491
16493
16497
16498
165
1650
16501
1651
16514
16515
16516
16517
1652
16529
16530
16532
1654
16544
16545
16546
16547
16548
16549
1655
16550
16551
16552
16553
16555
16556
16557
16558
1656
16561
16562
16563
16564
16565
16567
16568
16569
1657
16570
16571
16572
16573
16575
16576
16577
16578
16579
16580
16581
16582
16583
16584
16585
16586
16587
16588
16589
1659
16590
16591
16592
16593
16594
16595
16596
16597
166
1660
16600
16605
16606
16607
16608
16613
1662
16629
1665
16651
16652
16653
16654
1668
1669
167
1670
16703
16704
16705
16706
16707
16708
16709
16710
16711
16712
16713
16715
16716
16717
16718
16719
1672
16720
16721
16722
16728
1673
16731
16746
16747
16748
16749
1675
16750
16751
16753
16765
16766
16767
16768
16769
1677
16787
168
1680
16845
16846
16847
16848
16859
16862
16865
16866
16868
1687
1689
16893
16894
16895
16897
16898
16899
169
16900
16902
16903
16909
16910
16911
16912
16913
16914
16915
16916
16917
16918
16919
16920
16921
16923
16924
16925
16926
1693
16932
16945
16946
16947
16948
16949
16950
16951
16952
16953
1696
16975
1699
17
170
1703
1704
17050
1706
17061
17062
1707
1708
1709
171
1710
1712
1715
17158
17159
1716
17160
17161
17162
17164
17166
17167
17168
17169
17170
17181
17182
17183
17188
172
17202
17203
1721
1722
1723
1724
1725
1726
1727
1728
1729
173
1730
1731
17338
1734
17345
17346
17347
17348
17349
17350
17351
17352
17353
17354
17355
17356
1736
17360
17363
17364
17365
17366
17368
17369
1737
17370
17371
17372
17373
17374
17375
17376
17377
17378
17379
17381
17382
17383
17384
17389
1739
17390
17399
174
17400
1741
1742
1743
1744
1745
17457
1746
17461
17462
17463
17464
17465
17466
17467
1747
17475
1749
1750
1753
17539
17540
17541
17542
17543
17544
17552
17554
17555
17556
17557
17566
17567
17568
17569
1757
17571
17572
17573
17575
17576
17577
17578
17579
17580
17581
1759
17602
17609
17633
1764
17655
17656
17657
17667
17670
17672
17685
1769
17708
17709
1772
1775
17758
17769
1777
17771
1778
17781
17782
17783
17784
17786
17787
1779
17793
17795
178
1782
1783
1784
1785
17854
1786
1787
1788
1789
17894
17895
17897
17903
17904
17905
17906
17907
17909
1791
17913
17915
17919
17920
17921
17922
17923
1793
17940
17941
1796
17984
17987
17988
17989
1799
17995
18
1800
18009
18025
18026
18027
18028
18034
1805
18055
18057
18058
18062
18064
18067
18068
18069
18077
18081
18085
18086
18099
18100
18101
18102
18103
18104
18105
18106
18107
18108
18109
1811
18110
18111
18112
18113
18114
18116
18117
18118
18119
18120
18121
18124
18125
18126
18127
18128
18129
18130
18131
18132
18133
18134
18135
18136
18137
18138
18139
18140
18144
18145
18146
18147
18148
18149
1815
18150
18151
18152
18153
18154
18155
18156
18157
18158
18159
18160
18161
18162
18163
18164
18165
18166
18167
18168
1817
18170
18171
18172
18175
1818
1819
18190
18191
18192
18193
18194
18195
18196
18197
18198
18199
18200
18201
18202
18203
18204
18205
18206
18207
18208
18209
1821
18211
18214
18215
18216
18217
18218
18219
18220
18221
18222
18223
18224
18225
18226
18227
18228
18229
1823
18230
18231
18232
18233
18234
18235
18236
18237
18238
18239
1824
18240
18241
18242
18243
18244
18245
18246
18247
1825
18257
18258
18259
1826
18260
18261
18265
18267
18268
18269
1827
18270
18271
18272
18273
18274
18275
18276
18277
18278
18279
18280
18281
18282
18283
18284
18285
18286
18287
18288
18289
1829
18290
18291
18293
18295
18296
18297
18298
18299
183
1830
18300
18301
18302
18303
18304
18305
18306
18307
18310
18311
18312
18313
18314
18315
18316
18317
18318
18319
1832
18320
18321
18322
18323
18324
18325
18326
18327
18328
18329
1833
18330
18331
18332
18335
18336
18337
18338
18339
1834
18340
18341
18342
18343
18344
18345
18346
18347
18348
18349
1835
18350
18351
18352
18353
18354
18355
18357
18358
18359
1836
18360
18361
18362
18363
18364
18365
18366
18367
18368
18369
1837
18370
18371
18372
18375
18376
18377
18378
18379
1838
18380
18381
18382
18383
18384
18385
18386
18387
18388
18389
1839
18390
18391
18392
18393
18394
18395
18396
18397
18398
18399
184
18401
1843
1844
18444
1845
1846
18461
18462
18463
18464
18465
18466
18467
1847
18471
18488
1850
18500
1851
18511
18512
18513
18514
18515
18516
1852
18522
1855
18551
18563
18565
18566
1857
1858
18582
1859
18596
18597
18599
1860
18600
18601
18602
18603
18604
18605
18606
18607
18609
18611
1862
18623
18626
18631
18632
18633
18636
1864
18641
18642
18643
18644
18645
18646
18647
18648
18649
1865
18650
18651
18652
18656
18657
18658
18659
1866
18660
18661
18662
18663
18664
18676
18677
18678
1868
18682
18685
1870
18702
18703
18705
18706
18707
18708
18709
1871
18710
18711
18712
18713
18714
18715
18716
18721
18722
1873
18730
18732
18733
18742
18751
18753
18754
18755
18756
18757
18758
1876
18762
18763
18764
18765
18766
18767
18768
18769
1877
18770
1878
1879
18790
18793
18794
18797
18798
1880
1881
1882
18850
1886
1888
18888
1889
18890
1890
1891
18910
18911
18912
18917
18918
18919
18920
18921
18922
18923
18924
18925
18927
18928
18929
18938
1894
18953
18954
18955
18956
1896
18962
18963
18967
18976
18977
18978
18979
1898
18980
18982
18983
18984
18985
18986
18987
18988
18989
1899
18991
19
19003
19004
19005
19006
19007
19008
19009
1901
19010
19012
19013
19014
19015
19016
1902
19032
19033
19034
19035
19038
1904
19040
19041
19042
19043
19049
19050
19052
19058
19059
1906
19060
19061
19062
19063
19064
19065
19066
19069
1907
19070
19072
19073
19074
19075
19076
19077
19078
19080
19081
1909
1910
1912
19129
1913
19130
19131
19133
19138
19139
19146
19150
19171
19172
1918
19185
19186
19187
19189
19190
19191
1921
1922
1923
1924
19246
1927
19280
19284
19289
193
1930
19308
1931
1932
19323
19325
19326
19327
19328
19329
19332
19333
19334
19337
19339
19340
19341
19351
19353
19354
19355
19356
19357
19364
19368
19369
19371
19372
19374
19375
19377
19380
19381
19383
19384
19387
19394
19395
1940
19405
19406
19407
19408
19409
19410
19411
19422
19423
19424
19425
1943
19430
19431
19432
19434
19435
19436
19439
1944
19440
19441
19442
19443
19446
19449
19452
19454
1946
19463
19464
19465
19466
1948
19488
1949
19494
1950
19503
19504
19505
1951
19511
19512
19519
19521
19523
19524
19525
19526
19527
1953
19530
19531
19532
19533
19534
19541
19542
19543
19544
19545
19546
19547
19548
19549
19550
19551
19552
19553
19554
19555
19556
19557
19558
19559
1956
19560
19561
19562
19563
19564
19565
19566
19567
19568
19569
1957
19570
19571
19572
19573
19574
19575
19576
19577
19578
19585
19586
19587
19588
19589
19593
19594
19595
19596
19597
19598
19599
196
1960
19600
19601
19602
19603
1961
19610
19611
19612
19613
1962
19631
19632
19639
19640
19641
19642
19643
19644
19645
19646
19647
19648
1965
19652
19653
19655
19658
19663
19664
19665
19666
1967
19676
19679
19682
19683
19685
1969
19692
19693
19694
19695
19696
19697
19698
19699
197
19700
19702
19703
19704
1971
19712
19713
19714
19715
19716
19717
19720
19721
19722
19723
19724
19731
19744
19746
19747
19748
1976
19760
19762
19763
19764
19765
19767
19768
19769
1977
19770
19771
19772
19774
19775
19777
19778
19779
1978
19784
19785
19786
19787
19788
19789
1979
19792
19793
1980
19800
19806
19807
19808
19809
19814
1983
19831
19833
19834
19835
19836
19837
19838
1984
1985
19856
19857
19859
1986
19860
19861
19862
19863
1987
19874
19876
19877
19878
19879
19901
19902
19903
19904
19905
19906
19907
19908
19909
1991
19910
19911
1992
19922
19927
19928
19929
19934
19941
19945
1995
1997
1999
2000
20000
20001
20008
20009
20010
20011
20012
20019
20027
20028
20029
2003
20030
20032
20035
20037
20038
20039
2004
20040
20041
20042
20043
20044
20045
20046
20047
20048
20049
20050
20052
20055
20056
20057
20058
20060
20061
20062
20063
20064
20065
20067
20068
20070
20071
20072
20073
20074
20075
20076
20077
20078
20086
20088
20089
2009
20091
20092
20093
20094
20096
20097
20098
20099
20101
20109
20112
20113
20115
20128
20130
20134
20135
20157
20158
20159
20160
20161
20166
20167
20168
2018
20180
20182
20189
20190
20194
202
2021
2022
20223
2024
20246
20247
20248
20254
20255
20256
2026
20264
20271
20278
2028
20285
20286
20287
20288
20289
20290
20291
20292
20293
20294
20298
2030
2031
20315
20317
20318
20326
20328
2033
20331
2035
20351
20352
20353
20355
20358
20359
2036
20363
20364
20365
20366
20367
20370
20374
20375
20378
20379
20382
20383
20384
20387
20388
20395
20396
20397
204
20402
20407
20409
2041
20410
20411
20412
20413
20414
20424
20425
20427
20428
20429
20430
20431
2044
2045
20450
20451
20453
20454
20455
20456
20457
20458
20459
20460
20461
20462
20463
20464
20465
20466
20467
20471
20472
20477
20479
20481
20482
20483
20484
20485
20492
20493
20496
205
2050
20500
20501
20502
20503
2051
20510
20514
20516
2052
20520
20521
20527
20528
20529
20530
20531
20532
20533
20535
20536
20537
20538
2054
20541
20542
20543
20544
20546
20547
20548
20549
20550
20551
20552
20553
20554
20555
20556
20557
2056
20568
20569
20572
20583
2059
20593
20595
20596
20597
20599
2060
20600
20601
20606
20612
20613
20614
20615
20616
20617
20619
20620
20621
20622
20624
20626
20627
2063
20648
20649
20650
20651
20652
20653
20663
20664
20669
20670
20673
20674
20675
20688
20689
20690
20691
20696
20698
20699
20701
20702
20703
20704
20705
20709
2071
20711
20712
20713
20714
20715
20716
20717
2072
20721
20727
2073
20731
20732
2074
20740
20741
20742
20743
20744
20746
20749
20752
20753
20754
20755
20756
20757
20758
20759
2076
20761
20763
20766
20768
20772
20779
20780
20781
20782
20783
20786
20787
20788
20789
2079
20790
20791
20792
20793
20794
20798
20799
208
20800
20801
20803
20804
20805
2081
20810
20811
20812
20813
20814
20815
20817
20819
20820
20821
20822
20828
20829
2083
20830
20831
20832
20833
20836
20837
20838
20839
20840
20841
20842
20843
20844
20845
20846
20847
20848
20849
2085
20850
20851
2087
2088
20890
20892
20893
20894
20895
20896
20897
20912
20913
20914
20925
20927
20928
2093
20934
20935
20936
20937
20938
20939
2094
20940
20942
20943
20944
20945
20946
20947
20948
20949
20950
20951
20952
20953
20954
20956
20957
20958
20959
20960
20961
20962
20963
20965
20966
20967
20968
20971
20972
20973
20974
2098
20981
20983
20984
20985
20993
20994
20995
20996
20997
20998
20999
21
2100
21001
21004
21005
21007
2101
21011
21012
21014
21015
21016
21017
2102
21021
21022
21024
21031
21034
21035
21038
2104
21040
21041
21043
21044
21045
21046
21047
21049
2105
21050
21054
21055
21056
21057
21058
21059
21060
21063
21065
21066
21068
21069
2107
21070
21071
21072
21073
21074
21075
21078
21079
2108
21080
21081
21082
21083
21084
21093
21094
21095
21096
21097
21098
21100
21101
21102
21103
21104
21105
21106
21107
21108
2111
21110
21111
21112
21116
21118
21119
21120
21122
21124
21125
21126
21127
21129
21130
21131
21132
21135
21136
21137
21139
21141
21142
21143
21145
21147
21148
21151
21152
21153
21154
21155
21156
21157
21159
21160
21161
21162
21163
21164
21165
21167
21168
21169
2117
21173
21174
21177
21178
21179
21180
21181
21182
21183
21185
2119
21191
21193
21194
21196
21197
21198
21199
212
21203
21204
21205
21207
21208
2121
21210
21211
21212
21213
21214
21215
2122
21222
21223
21224
21226
21227
21228
21230
21232
21233
2124
21240
21241
21242
21243
21245
21246
21247
21248
21249
2125
21251
21253
21256
21258
21259
2126
21260
21262
21264
21265
21268
21269
21270
21271
21272
21273
21274
21275
21278
21279
2128
21280
21281
21282
21283
21284
21286
21287
21288
21289
2129
21290
21291
21292
21293
21304
21305
21306
21307
2131
21314
21316
21317
21320
21324
21325
21326
21327
21328
21329
21330
21331
21332
21333
21334
21335
21337
21338
21339
21340
21342
21345
21347
21349
2135
21350
21352
21353
21355
21356
21357
21358
21359
2136
21360
21362
21363
21372
21373
21375
21377
2138
21381
21382
21383
21384
21385
21387
21390
21392
21395
21396
21398
214
2140
21407
2141
21410
21411
21412
21413
21414
21415
21417
21418
21419
2142
21420
21421
21422
21423
21430
21436
2144
21452
21453
21455
21456
21457
21458
21464
21465
21467
21468
21470
21471
21472
21475
21476
21479
21484
21488
21489
21499
21501
21508
2151
21516
21520
21521
21522
21525
2153
21541
2155
21555
21556
21559
2156
21562
21563
2157
21570
2158
21586
21587
21588
21589
21590
21592
21593
21594
21595
21596
2160
21601
21602
21603
21604
21610
21629
2163
21630
21631
21632
21633
21648
21653
21655
21656
21657
21658
21659
21660
21672
21673
21675
21676
21677
2168
21680
21681
21686
21687
2169
21697
21699
217
2170
21705
21706
21709
21711
21713
21714
21715
21716
21717
2172
21725
21731
21738
21743
21744
21747
21758
21759
2176
21762
21763
21766
2177
2178
21781
21792
21795
21798
21799
218
21800
21801
21804
21805
21808
21809
2181
21810
21811
21812
21813
21814
21818
2182
21820
21821
21824
21825
2183
21836
21837
21842
21844
21848
21850
21853
21855
21856
21859
21861
21862
2187
21874
21875
21876
21879
2188
21883
21884
21889
21890
21899
219
21900
21913
21914
21916
21917
21919
2192
21920
21921
21922
21923
21924
21925
21926
2193
21931
21932
21935
21936
21937
21939
21940
21941
21942
21943
21944
21945
21946
2195
2196
21960
21963
21965
21968
2197
21973
21974
21975
21976
21977
21978
2198
21980
21981
21982
21983
21984
21985
21987
21988
21989
2199
21990
21991
21995
21996
22
220
22000
22030
2204
22041
22042
22043
22044
22045
22046
22047
22048
22049
2205
22050
22051
22052
22053
22054
22055
22056
22057
22058
22060
22061
22062
22064
22065
22066
22067
22068
22069
22070
22074
22076
22077
22078
22079
22080
22081
22083
22084
22085
22086
22087
22088
22089
2209
22090
22091
22092
22093
22094
22095
22096
22097
22098
22099
2210
22100
22103
22107
22111
22112
22113
22116
22118
2212
22121
22124
22125
22126
22127
2213
22133
22134
22135
22136
22137
22138
22141
22143
22145
22146
22148
22149
22151
22152
22153
22154
22155
22156
22157
22158
22159
22160
22161
22162
22163
22164
22165
22166
22167
22168
22169
2217
22170
22171
22172
22173
22174
22176
22177
22178
22179
22180
22181
22182
22183
22184
22186
22187
22188
22189
22190
22191
22192
22193
22194
22195
22196
22197
22198
22200
22201
22202
22203
22206
22207
22208
22209
2221
22210
22211
22212
22213
22214
22215
22216
22217
22218
22219
22220
22221
22222
22223
22224
22225
22226
22227
22228
22229
22230
22231
22232
22233
22234
22235
22236
22238
22239
2224
22240
22242
22243
22244
22245
22247
22248
22249
2225
22250
22251
22252
22253
22254
22255
22256
22257
22258
22259
22260
22261
22262
22263
22264
22265
22266
22267
22268
22269
22270
22272
22274
22275
22276
22277
22278
22279
22280
22281
22282
22283
22284
22286
22289
22290
22291
22293
22294
22295
22296
22297
22298
22299
2230
22302
22303
22304
2231
22313
22314
22318
22319
2232
22320
22321
22322
22324
22326
22327
22329
22331
22333
22334
22335
22336
22337
22338
22339
2234
22340
22341
22342
22343
2235
2236
22381
22382
22383
22387
22388
22389
2239
22390
22391
22392
22393
22397
22398
22404
22405
22406
22407
22408
22410
22411
22412
22413
22414
22416
22421
22422
22423
22426
22427
22428
22429
2243
22430
22431
22432
22434
22435
22436
22437
22438
22439
2244
22440
22441
22442
22443
22444
22445
22446
22447
22448
22449
22450
22451
22452
22453
22454
22455
22456
22457
22458
22459
22460
22461
22462
22463
22464
22465
22466
22467
22468
22469
22470
22471
22475
22476
22477
22478
22479
22489
22490
22491
22492
22493
22494
22495
22496
22497
22499
225
2250
22502
22503
22504
22505
22506
22508
22509
2251
22510
22511
22512
22513
22514
22515
22517
22518
22519
22520
22521
22522
22523
22524
22525
22526
22527
22528
22529
22530
22531
22532
22533
22534
22535
22536
22537
22538
22539
22540
22541
22542
22543
22544
22545
22546
22547
22548
22549
22550
22551
22552
22553
22555
2256
22565
22566
22567
22568
22569
22570
22571
22572
22575
22576
22577
2258
22584
22585
22586
22587
22588
22589
2259
22590
22591
22592
22594
22595
22596
22597
22599
226
2260
22600
22601
22602
22603
22605
22606
22607
22609
22610
22611
22612
22613
22614
22617
22618
22619
2262
22620
22621
22622
22623
22624
22625
22626
22627
22628
22629
22632
22633
22635
22636
22637
22638
22639
2264
22640
22644
22645
22647
22648
2265
22651
22653
22658
22659
22660
22661
22662
22663
22664
22665
22666
22667
22669
2267
22670
2268
2269
2270
22705
22706
22715
22718
2272
22720
2276
2277
2280
22825
2284
2285
22857
2286
22876
22878
22879
22881
22883
2289
22903
22918
22929
2294
22945
22957
22966
22968
22969
2297
22976
22977
2298
22985
22986
22989
2299
22998
23
23000
23004
23009
2301
23010
23011
23012
23015
23019
2302
23021
23022
23023
23035
23038
2304
23040
23042
23049
2305
23050
23058
23059
23060
2307
2308
2309
23098
231
23100
23104
23105
23106
23108
2312
23121
23123
23125
23126
23136
23137
23139
23140
23141
23143
23144
23145
23146
23148
23149
2315
23150
23151
23152
2317
23188
23189
23190
23191
23192
23193
23194
23199
2320
23201
23202
23203
23204
23205
23206
23207
23208
2322
23225
23234
23235
23236
2324
23242
2325
23250
23254
23255
23256
23257
23258
23259
2326
23260
23261
23262
23263
23264
23265
23266
23267
23268
23269
23270
23271
23274
23277
23278
23279
2328
23280
23281
23282
23283
23284
23285
23286
23287
23288
23289
2329
23290
23291
23292
23293
23294
23295
23296
23297
23298
23299
2330
23300
23301
23303
23304
23305
23306
23307
23308
23309
2331
23311
23312
23313
23314
23315
23316
23317
23318
23319
2332
23320
23321
23322
23323
23324
23325
23327
23330
23331
2334
23345
23346
23347
23348
23349
2335
23353
23354
23355
23356
23357
23358
23359
23360
23361
23362
23363
23364
23365
23366
23367
23368
23369
23370
23371
23372
23373
23375
23378
23379
2338
23385
23386
23400
23401
23402
23403
23404
23405
23406
23409
23411
23412
23413
23414
23415
23416
23417
23418
23419
23420
23421
23422
23423
23424
23425
23426
23427
23428
23429
2343
23430
23431
23432
23433
23434
23435
23436
23437
23438
23439
2344
23440
23441
23442
23443
23444
23445
23446
23447
23448
23449
23450
23451
23452
23453
23454
23455
23456
23457
23458
2347
2349
2350
2353
2354
23548
23549
23551
23552
23553
23554
23555
23556
23557
23558
23559
23560
23561
23562
23563
23564
23565
23566
23567
23568
23569
23570
23571
23572
23573
23574
23575
23577
23578
23579
2358
23580
23581
23582
23583
23584
23587
23588
23589
2359
23590
23591
23592
23593
23594
23595
23596
23597
23598
23599
236
2360
23600
23601
23602
23603
23604
23605
23606
23607
23608
23609
2361
23610
23611
23612
23613
23614
23615
23616
23617
23618
23619
2362
23620
23621
23622
23623
23624
23625
23626
23627
23628
23629
23630
23631
23632
23633
23634
23635
23636
23637
23638
23639
2364
23640
23641
23642
23643
23644
23645
23647
23648
23649
23650
23653
23654
23655
23656
23657
23658
23659
2366
23660
23661
23662
23663
23664
23665
23666
23667
23668
23669
2367
23670
23671
23672
23673
23674
23675
23676
23679
2368
23680
23681
23682
23683
23684
23685
23686
23687
23688
23689
2369
23690
23691
23692
23693
23694
23695
23696
23697
23698
23699
23700
23701
23702
23703
23704
23705
23706
23707
23708
23709
23710
23711
23712
23713
23714
23716
23717
23718
23719
23720
23725
23727
23728
2374
2377
238
2380
2381
23844
2385
23854
2386
23865
2387
2389
23914
23916
23918
23920
23923
23924
23925
23926
23929
2393
23930
23934
23935
23936
23937
23938
23939
23940
23941
23942
23946
2395
23955
23956
23957
2396
23961
23962
23964
23965
23966
23971
23973
23974
23975
2398
24
240
2400
2402
24037
2406
2409
2410
2411
24128
24131
2414
2415
24152
2416
24183
24185
242
2420
24203
2421
24212
24213
24215
2422
2423
24232
24236
24239
24254
24259
2427
2428
2429
2430
24305
2431
2432
2433
2434
2435
2436
2438
2439
24399
24401
24404
2444
2447
2448
245
2451
24533
24553
2456
2458
2461
24622
2463
2464
24640
24641
24643
2465
24651
2466
2467
24672
24673
24674
24675
2468
24690
24692
247
24707
2471
24718
2472
24721
2473
24733
2474
2475
24751
24754
2476
24764
24766
2477
24778
24796
2480
24806
2482
2483
24834
24844
24846
24849
24855
24859
2486
24860
24863
2487
24875
24876
24881
2489
24893
24894
24899
2490
24902
24903
24904
24906
24911
24913
24915
24919
24923
2493
2494
24948
24950
24951
24952
24953
24954
24955
24956
24957
24958
2496
24960
24961
24963
24969
24971
24974
24976
24977
24978
24984
24989
24990
24991
24992
24995
24997
24999
25
25010
25016
25017
25018
25019
25020
25021
25022
25023
25024
25025
25026
25027
25028
25029
25031
25032
25033
25034
25035
25037
25039
25043
25045
25046
25047
25048
2506
25061
25062
25063
25064
25066
2507
25074
25075
25078
25079
2508
25080
25081
25082
25083
25087
25093
25094
25095
25096
25097
25098
251
2510
25100
25103
25104
25105
2511
25110
25119
25120
25123
25131
25132
25133
2514
25141
2515
25150
2516
25162
25175
25180
25182
25189
2519
25194
25195
252
25202
25209
25237
25238
2524
25242
25243
25244
25245
25246
25247
2525
25261
25264
2527
25271
25275
25278
25279
25280
25281
25282
25283
25285
2530
25310
25311
25312
25319
25322
25324
2533
25330
25331
25332
25333
25335
25336
25337
25338
25339
2534
25340
25341
25342
25343
25344
25349
2535
25363
25370
25379
25380
25381
25382
25383
25384
25385
25386
25387
25388
25389
2539
25390
25391
25392
25393
25394
25395
25396
25397
25398
25399
2540
25400
25401
25402
25404
2541
25410
25420
2543
25449
25450
25451
25452
25453
25459
25460
25461
25463
25464
25469
25470
25471
25472
25473
25478
25479
25480
25481
25482
25483
25484
25485
25486
25487
25488
25489
25490
25491
25492
25493
25494
25495
25496
25497
25498
25500
25503
25504
25505
25506
25507
25508
25509
25510
25511
25512
25513
25514
2553
25538
25539
25540
25543
25544
25549
25551
25552
25555
25556
25557
2556
25560
25563
25568
25569
25570
25571
25572
25573
25574
25575
25576
25577
25578
25579
2558
25580
25590
25591
25592
25593
25594
25595
25596
25597
25598
25599
2560
25600
25601
25602
25605
25607
2561
25610
25614
25616
25618
25619
25620
25621
25622
25623
25624
25625
25626
25627
25628
25629
25630
25631
25632
25633
25634
25635
25636
25637
25638
25639
2564
25640
25643
25645
25646
25647
25648
25649
2565
25650
25651
25652
25653
25654
25655
25656
25661
25664
25665
25666
25667
25669
25670
25671
25675
25677
25678
25685
25686
2569
25690
25691
25692
25697
25698
25699
257
25701
25702
25703
2571
25713
25714
25717
25718
25719
25721
25722
25723
2573
25733
25734
25745
25747
25748
25749
25750
25751
25757
25758
25759
2576
25760
25761
25762
25763
25764
25765
25769
2577
25770
25771
25773
25774
25775
25776
25777
25778
25779
2578
25780
25781
25784
25785
25786
25788
25789
25791
25792
25794
25795
25796
25797
25798
25799
2580
25800
25801
25802
25803
25804
25806
25807
25808
25809
25810
25811
25812
25813
25814
25815
25817
25818
25819
2582
25820
25821
25822
25823
25824
25825
25826
25827
25828
25829
25830
25831
25832
25833
25834
25835
25836
25837
25838
25839
2584
25840
25841
25842
25843
25844
25845
25846
25847
25848
2585
25850
25851
25853
25854
25855
25858
25859
2586
25860
25861
25862
25863
25864
25865
25866
25867
25869
25870
25871
25872
25873
25874
25875
25876
25877
25878
25879
25880
25881
25882
25883
25884
25885
25886
25887
25888
25889
2589
25890
25891
25892
25893
25894
25896
25897
25899
259
2590
25900
25901
25902
25903
25904
25905
25906
2591
25912
25913
25914
25915
25916
25917
25918
25919
2592
25920
25921
25922
25923
25924
25925
25926
25927
25928
25929
2593
25930
25931
25932
25933
25934
25935
25936
25937
25938
25939
2594
25940
25941
25942
25943
25944
25945
25946
25947
25948
25949
2595
25950
25951
25952
25953
25954
25955
25956
25957
25958
25959
2596
25960
25961
25962
25963
25964
25965
25966
25967
25968
25969
25970
25971
25972
25973
25974
25975
25976
25977
25978
25979
2598
25980
25981
25982
25983
25984
25985
25986
25987
25988
25989
25990
25991
25992
25993
25994
25995
25996
25997
25998
25999
26
26000
26001
26002
26003
26004
26005
26006
26007
26012
26013
26014
26015
26016
26018
26019
2602
26020
26021
26022
26027
26028
26029
26030
26031
26032
26033
26034
26035
26036
26037
26039
2604
26040
26042
26043
26044
26045
26059
2606
26060
26061
26062
26063
26064
26066
2607
26070
26071
26072
26073
26074
26075
26076
26077
26078
26079
26080
26081
26082
26083
26084
26085
26086
26087
26088
26089
26090
26091
26092
26093
26094
26095
26096
26097
26098
26099
261
2610
26100
26101
26102
26103
26104
26105
26106
26107
26108
26109
26110
26111
26112
26113
26114
26115
26116
26117
26118
26120
26121
26122
26123
26124
26125
26126
26127
26128
26129
26130
26131
26132
26133
26134
26135
26136
26137
26138
26139
26140
26141
26142
26143
26144
26148
26149
26150
26151
26152
26153
26154
26155
26156
26157
26158
26159
26160
26161
26162
26163
26164
26165
26166
26167
26168
26169
2617
26170
26171
26172
26173
26174
26175
26176
26177
26178
26179
26180
26181
26182
26183
26184
26185
26186
26187
26188
26189
2619
26190
26191
26192
26193
26194
26195
26196
26197
26198
26199
262
2620
26200
26201
26202
26203
26204
26205
26206
26207
26208
26209
26210
26211
26212
26213
26214
26215
26216
26217
26218
26219
2622
26220
26221
26222
26223
26224
26225
26226
26227
26228
26229
26230
26231
26232
26233
26234
26235
26236
26237
26238
26239
26240
26241
26246
26247
26248
26249
26250
26251
26252
26253
26254
26255
26256
26257
26258
26259
26260
26261
26262
26263
26264
26265
26266
26267
26268
26269
2627
26270
26271
26278
26279
2628
26280
26281
26282
26283
26284
26285
26286
26287
26288
26289
26290
26298
26299
263
26300
26301
26302
26303
26304
26308
26309
2631
26310
26311
26312
26313
26314
26315
26316
26317
26318
26319
2632
26320
26321
26322
26323
26324
26325
26326
26327
26328
26329
2633
26330
26331
26332
26333
26334
26335
26336
26337
26338
26339
26340
26341
26342
26343
26344
26345
26346
26347
26348
26349
26350
26351
26352
26353
26354
26355
26356
26357
26359
26360
26361
26362
26363
26364
26365
26366
26367
26368
26369
2637
26370
26371
26372
26373
26374
26375
26376
26377
26378
2638
26380
26381
26382
26383
26384
26385
26386
26387
26388
26389
2639
26390
26391
26392
26393
26394
26395
26396
26397
26398
26399
2640
26400
26401
26402
26403
26404
26405
26406
26407
26408
26409
2641
26410
26411
26412
26413
26414
26415
26416
26417
26418
26419
26420
26421
26422
26423
26424
26425
26426
26427
26428
26429
2643
26430
26431
26432
26436
26438
2644
26441
26442
26445
2645
26451
26452
26453
26454
26455
26456
26457
26458
26459
26460
26461
26463
26464
26465
26466
26467
26468
26469
26470
26471
26472
26473
26474
26475
26476
26477
26478
26479
2648
26480
26481
26482
26483
26484
26485
26486
26487
26488
26489
26490
26491
26492
26493
26494
26495
26496
26497
26499
2650
26500
26501
26502
26503
26504
26505
26506
26507
26508
26509
2651
26510
26511
26512
26513
26514
26515
26516
26517
26518
2652
26526
26527
26528
26529
26530
26531
26532
26533
26539
26540
26541
26542
26543
2655
26555
2656
2659
26591
26592
26593
26594
26595
26596
26597
26598
26599
266
2660
26600
26601
26602
26603
26604
26605
26606
26607
26608
26609
2661
26610
26611
26612
26613
26614
26615
26616
26617
26618
26619
26620
26621
26624
26625
26626
26627
26628
26631
26632
26633
26634
26635
26636
26637
26638
26639
2664
26640
26641
26642
26643
26644
26645
26647
26648
26649
2665
26650
26651
26652
26653
26654
26655
26656
26657
26658
26659
26660
26661
26662
26663
26664
26665
26666
26667
26668
26669
26670
26671
26672
26673
26674
26675
26676
26677
26678
26679
2668
26680
26681
26682
26683
26684
26685
26686
26687
26688
26689
26690
26691
26692
26693
26694
26695
26696
26697
26698
26699
267
2670
26700
26701
26702
26703
26704
26705
26706
26707
26708
26709
26710
26711
26712
26713
26717
26718
26719
26720
26721
26722
26723
26724
26725
26726
26728
26729
2673
26730
26731
26732
26733
26734
26736
26737
26743
26744
26745
26746
26747
2675
2676
2677
2678
2679
268
2680
26816
2683
2687
2688
2690
26909
26913
26916
26917
26918
26919
26920
26921
2693
2694
2695
26952
26953
26954
26955
26956
26957
26958
26959
2696
26960
26961
26962
26964
26965
26966
26967
26968
26969
2697
26971
26972
26973
26974
26975
26976
26977
26978
26979
26980
26981
26982
26983
26984
26985
26986
26987
26988
26989
2699
26993
26994
26995
26996
26997
26998
26999
2700
27000
27001
27002
27003
27004
27005
27006
27007
27008
27009
27010
27011
27012
27013
27014
27015
27016
27017
27018
27019
27020
27021
27022
27023
27024
27025
27026
27027
27028
27029
27030
27031
27032
27033
27034
27035
27036
27037
27038
27039
2704
27040
27041
27042
27043
27044
27045
27046
27047
27048
27049
27050
27051
27052
27053
27054
27055
27056
27057
27058
27059
27060
27061
27062
27063
27064
27065
27066
27067
27068
27069
2707
27070
27071
27072
27073
27074
27075
27076
27077
27078
27079
2708
27080
27081
27082
27083
27084
27085
27086
27087
27088
27089
2709
27090
27091
27092
27093
27094
27095
27096
27097
27098
27099
271
2710
27100
27101
27102
27103
27104
27105
27106
27107
27108
27109
2711
27110
27111
27112
27113
27114
27115
27116
27117
27119
27120
27121
27122
27123
27124
27125
27126
27127
2713
27138
27139
2714
27140
27141
27142
27143
27144
27145
27146
27147
27148
27149
2715
27150
27151
27152
27153
27154
27155
2717
27172
27174
27178
27180
27181
27182
27184
27186
27188
27189
27190
27191
27192
27193
27194
27196
27197
27198
27199
272
2720
27200
27201
27202
27203
27204
27205
27206
27207
27208
27209
2721
27210
27211
27212
27213
27214
27215
27216
27217
27218
27219
27220
27221
27222
27223
27224
27225
27226
27227
27228
27229
27230
27231
27232
27233
27234
27235
27236
27237
27238
27239
27240
27241
27242
27243
27244
27245
27246
27247
27248
27249
27250
2727
27273
27274
27275
27279
27288
2729
273
2731
2733
2735
2736
2737
2740
27406
27409
27412
27413
27414
27415
27416
27417
27418
27419
2742
27420
27422
2745
27461
27463
27464
27465
27466
27467
27473
27474
27477
27478
2748
27482
27483
2749
27502
27504
27505
27506
27508
27514
27515
27516
27517
27518
27519
2752
27522
27523
27524
27525
27526
27527
27528
27529
27530
27531
27532
27533
27534
27535
27536
27537
27539
27540
27541
27542
27543
27544
27545
27547
27548
27549
2755
27563
27564
27565
27566
27567
27568
27569
2757
27575
27576
27579
2758
27582
27583
27584
27585
27587
27593
27597
2760
27601
27602
27603
27608
27610
27615
27616
27617
27618
27619
2762
27623
2763
2764
2767
2768
277
27711
27712
27713
27716
27719
27720
27721
27722
27723
27728
27729
27730
27731
27733
27734
27735
27736
27737
27738
27739
27741
27745
27746
27747
27748
27749
2775
27750
27751
27756
27757
27759
27760
27761
27762
27766
27768
27769
2777
27771
27772
27773
27774
27775
27776
27781
27783
27785
27788
2779
278
2780
2781
27818
27819
2782
27822
2783
27830
27831
27836
27837
27839
27841
27842
27843
27844
27845
27846
27847
27848
27849
27851
27852
27853
27854
2786
27883
27885
27886
27887
27889
27890
27891
27892
2790
2791
2792
27924
2793
27933
27937
27939
2794
27949
2795
27951
27962
27963
2798
2803
28046
28048
28049
28050
28052
28054
28057
2806
28069
28079
2808
28080
28081
28087
28091
28093
28094
28095
28096
28097
2810
2813
28139
28143
2816
2817
28177
2819
28191
282
2822
28224
28225
28240
28241
28243
28244
28246
28247
28248
2825
28253
2826
28264
28266
28267
28268
28269
28270
28271
28278
28279
28281
28282
28283
28286
28288
28294
28295
28297
283
28300
28328
2833
28336
2834
28343
28344
2835
28359
2836
28360
28365
28367
28368
28369
28370
28371
28372
28375
28376
28377
28378
28379
2839
2840
28412
28414
28415
28416
28418
28419
2842
28424
28427
28429
2843
28431
28435
2844
28453
28454
28455
28457
28459
28461
28462
28463
28469
28470
28472
28473
28474
28475
28476
2848
28487
28488
28489
2849
28490
28491
28492
28493
28494
285
2850
28502
28504
28507
2851
28510
28511
28512
28513
28514
28515
28516
28517
28518
28519
28520
28521
28522
28523
28539
2854
28545
28546
28547
2855
28556
28557
2856
28560
28561
28564
28565
28566
28567
2857
28570
28571
28572
28573
28574
28576
28577
28578
2858
28582
28583
28584
28585
28586
28587
28588
28589
28590
28591
28592
28593
28594
28595
28596
28599
286
2860
28600
28601
28602
2865
2868
2869
2870
2873
2876
2877
2881
2885
2891
2893
2894
2898
2899
29
2901
2902
2903
2904
2905
2911
2913
2915
2917
2919
292
2921
2922
2923
2925
2927
2929
293
2933
2936
2937
2939
2940
2943
2945
2946
2948
2949
2950
2952
2954
2958
2959
2961
2962
2964
2965
2966
2968
297
2972
2973
2974
2975
2976
2978
2982
2983
2985
2986
2994
2996
3
30
300
3001
3002
3004
3007
3008
3010
3011
3013
3014
3015
3016
3017
3018
3022
3024
3025
3027
303
3030
3032
3033
3035
3038
3039
3040
3042
3043
3044
3045
3047
305
3052
3056
3058
3059
306
3060
3063
3065
3071
3073
3075
3076
3077
3082
3084
3085
3088
3089
309
3091
3095
3096
3097
3099
3107
3110
3112
3113
3114
3115
3116
3117
3119
3121
3124
3127
3128
3130
3135
3136
3139
3142
3143
3144
3146
3147
315
3151
3154
3157
3158
3160
3164
3165
3167
317
3170
3172
3173
3175
3179
3180
3181
3183
319
3192
3194
3196
3197
3199
3200
3201
3202
3205
3207
3209
3210
3211
3212
322
3221
3222
3225
3226
323
3231
3235
3236
3240
3247
3250
3254
3256
326
3262
3264
3265
327
3270
3272
3275
3278
328
3280
3281
3284
3286
3287
3288
3289
329
3290
3291
3294
3296
3297
3298
3299
33
330
3300
3302
3303
3308
3310
3312
3313
3314
3316
3320
3321
3323
3325
333
3330
3335
3341
3342
3343
335
3355
3356
3357
3358
3359
336
3360
3361
3364
3365
3366
3367
3368
3369
337
3370
3371
3372
3375
3376
3377
338
3380
3382
3383
3385
3386
3387
339
3391
3393
3395
3397
3398
3400
3402
3404
3408
341
3410
3411
3413
3420
3421
3422
3423
3426
3430
3431
3432
3434
3435
3438
3439
3441
345
3450
3451
3452
3453
3454
3458
346
3461
3463
3464
3468
3469
347
3470
3473
3476
3478
3479
3480
3484
3489
3491
3492
3493
3497
3499
35
350
3501
3506
3508
3509
3510
3511
3512
3513
3514
3516
3517
3518
352
3521
3523
3524
3528
353
3530
3533
3536
3538
354
3543
3544
3550
3551
3552
3553
3554
3555
3556
3558
356
3560
3562
3563
3564
3565
3566
3567
3568
3569
3575
3577
3578
3583
3584
3585
3587
3588
359
3592
3595
3597
3598
36
360
3600
3604
3605
3606
3608
3609
3617
3618
3619
362
3620
3622
3628
3629
3631
3632
3633
3635
3636
3637
3638
3639
364
3640
3641
3646
3651
3652
3653
3654
3656
3658
3659
3660
3661
3662
3663
3667
3668
367
3670
3672
3675
3676
3678
3679
3680
3681
3683
3684
3687
369
3690
3692
3694
3695
3697
3698
3699
370
3700
3701
3703
3704
3706
3708
3710
3713
3714
3717
3719
372
3722
3726
3727
3728
373
3730
3734
3735
3736
3737
3738
3739
3741
3743
3746
3754
3756
3759
3760
3766
3768
3772
3776
3782
3785
3787
3788
3790
3794
3796
3798
380
3800
3804
3806
3807
3808
3809
381
3811
3812
3814
3815
3816
3818
3819
382
3821
3825
383
3832
3833
3834
3835
3837
3838
3841
3842
3843
3847
3849
3850
3853
3854
3857
386
3860
3867
3870
3871
3872
3873
3875
3876
3879
388
3881
3882
3883
3886
3887
389
3891
3892
3898
390
3900
3904
3906
3907
3908
3909
3910
3913
3916
3918
3923
3924
3926
3927
393
3930
3931
3935
3937
3938
394
3942
3944
3946
3947
3949
3953
3954
3959
3960
3964
3966
397
3971
3978
3979
398
3980
3981
3982
3984
3985
3987
3991
3993
3994
3999
4
4002
4004
4008
4009
401
4013
4015
4016
4018
4020
4021
4022
4026
4027
4029
4030
4032
4035
4036
4039
404
4041
4042
4048
4053
4055
4060
4061
4062
4063
4064
4066
4067
4068
4069
407
4071
4073
4075
4076
4079
4080
4086
4088
4089
409
4091
4092
4095
4098
4099
410
4101
4102
4105
4107
411
4111
4112
4115
4116
412
4122
4125
4126
4127
4130
4134
4136
4140
4141
4142
4143
4144
4146
415
4150
4151
4153
4154
4155
4157
4158
416
4161
4165
4166
417
4171
4172
4177
4179
418
4181
4183
4185
4186
4190
4191
4196
4199
42
420
4200
4202
4204
4206
4207
4208
4209
4211
4213
4214
4215
4216
4217
4219
422
4221
4224
4225
4226
4227
4230
4232
4233
4239
424
4240
4244
4245
4247
4249
4251
4252
4254
4255
4257
4258
4259
426
4261
4264
4265
4270
4274
4276
4277
4278
4279
4280
4286
4289
429
4290
4292
4294
4297
4302
4307
431
4312
4314
4316
4317
4318
4319
4327
4328
433
4330
4331
4332
4333
4334
4336
4339
434
4340
4341
4342
4343
4344
4346
4347
4348
435
4352
4354
4355
4358
4359
436
4361
4363
4365
4366
4367
4372
4374
4376
4377
4378
4381
4382
4384
4388
4389
439
4390
4391
4392
4395
4396
4402
4403
4404
4407
441
4412
4414
4416
4417
4418
4419
442
4421
4422
4424
4425
4427
4429
443
4430
4431
4435
4437
4439
4441
4445
4448
4449
4450
4451
4457
4458
446
4461
4463
4464
4467
4468
4469
4471
4473
4475
4478
448
4480
4482
4486
4487
4488
449
4491
4492
4494
4495
4496
4497
4498
4499
45
4500
4501
4506
451
4510
4511
4512
4513
4515
4517
4518
4521
4527
4535
4538
454
4543
4544
4545
4547
4549
4553
4554
4555
4557
4558
4559
456
4560
4561
4562
4567
457
4570
4573
4574
4580
4581
4582
4587
4588
4589
459
4590
4592
4595
4596
4597
4598
4600
4603
4605
4610
4611
4612
4613
4615
4616
4619
462
4620
4622
4623
4624
4625
4629
463
4630
4631
4632
4635
4636
4638
464
4643
4644
4645
4646
4648
4652
4654
4657
4660
4662
4664
4665
4667
467
4671
4673
468
4681
4685
4686
469
4698
4699
47
470
4702
4703
4704
4708
4709
4712
4714
4718
4719
472
4720
4722
4724
4725
4728
473
4730
4731
4733
4734
4735
4738
4740
4741
4742
4743
4749
4752
4757
4758
4759
476
4760
4761
4762
4764
4765
4774
4775
4776
4777
4778
4779
478
4780
4784
4785
4786
4788
4795
4796
4797
4798
4799
48
4800
4802
4804
4808
481
4810
4811
4815
4818
4819
482
4820
4821
4822
4824
4826
4829
483
4831
4832
4834
4835
4837
4838
4839
484
4841
4846
4849
4852
4853
4854
4857
4858
4860
4863
4865
4867
4869
487
4871
4872
4874
4877
488
4884
4886
4887
4888
4889
4890
4891
4893
4895
4896
4898
490
4900
4901
4903
4904
4905
4907
4909
491
4910
4913
4915
4917
492
4924
4926
4928
4929
493
4930
4931
4933
4934
4935
4937
494
4941
4944
4948
4949
4950
4952
4954
4956
4957
4958
4959
496
4964
4965
4967
4968
4969
4971
4972
4973
4974
4976
4978
498
4980
4984
4985
4988
4989
499
4990
4992
4994
4995
5
500
5001
5002
5005
5006
5007
5009
501
5010
5011
5012
5013
5016
5018
5019
5020
5021
5023
5024
5026
5027
5029
503
5030
5031
5032
5033
5035
5037
5041
5043
5046
5047
505
5050
5052
5053
5054
5055
5056
5059
506
5061
5062
5063
5064
5065
5066
5067
5076
5080
5082
5084
5085
5086
5088
509
5091
5095
5096
5097
510
5101
5103
5104
5107
5108
5109
5110
5111
5115
5117
5118
5121
5122
5129
5130
5132
5134
5136
5137
514
5141
5142
5143
5148
5149
5152
5153
5154
5157
5163
517
5171
5172
5175
5177
5185
5188
519
5193
5197
5199
5201
5202
5204
5208
5209
5210
5211
5213
5215
5220
5222
5223
5225
5226
5227
5228
5230
5231
5232
5234
5240
5246
5249
5253
5254
5255
5256
5262
5263
5267
5269
5271
5273
5274
5275
5276
5278
528
5281
5284
5287
5289
529
5292
53
530
5301
5302
5303
5304
5308
5309
5312
5313
5317
5318
5319
5321
5325
5326
5327
5328
5331
5334
5336
5338
5340
5341
5342
5344
5345
5348
5350
5351
5355
5356
5360
5362
5364
5365
537
5371
5372
5373
5374
5376
5379
5385
5389
539
5390
5392
5393
5394
5396
5397
5398
54
5400
5402
541
5414
5415
5417
5422
5423
5427
543
5434
5435
5436
5437
544
5443
5444
5446
5447
5449
5451
5452
5453
5454
5456
5457
546
5460
5461
5462
5464
5465
5466
5468
5469
5470
5474
5477
548
5486
5487
5488
549
5496
5497
5499
5502
5506
5507
5508
551
5510
5514
5517
5518
5521
5522
5524
5525
5526
5528
5529
5533
5534
5537
5538
5541
5542
5543
5545
5548
555
5557
5558
5563
5567
5568
557
5571
5575
5577
5580
5583
5585
5587
5588
5590
5591
5593
5595
5599
56
560
5604
5605
5606
5607
5608
5612
5613
5614
5615
5617
5618
5621
5622
5623
5624
5625
5627
5628
563
5630
5633
5634
5638
5639
564
5640
5642
5644
5647
565
5651
5656
5658
5659
5660
5662
5666
5672
5674
5677
5678
5679
568
5684
5685
5687
5689
5690
5693
57
5700
5703
5706
5707
5708
5710
5711
5712
5713
5714
5715
5717
5718
572
5720
5722
5723
5724
5725
5726
5727
5728
5729
5730
5732
5733
5734
5736
5738
5739
5741
5749
575
5750
5754
5756
576
5760
5761
5762
5763
5764
5767
577
5773
5774
5775
5778
5779
578
5780
5782
5783
5784
5785
5786
5787
5788
579
5790
5791
5793
5794
5796
58
5800
5801
5802
581
5822
583
5830
5832
5834
5836
5839
584
5843
5846
5847
5848
5854
5857
5861
5862
5868
587
5871
5872
5874
5875
5878
588
5882
589
5893
5894
5895
5897
5898
5899
59
5900
5901
5902
5905
5907
5910
5911
5914
5919
592
5920
5921
5922
5923
5928
5929
5930
5931
5933
5936
5937
5938
5939
594
5940
5941
5942
5945
5946
5947
5948
595
5950
5952
5953
5954
596
5961
597
5972
5973
5974
5975
5976
5977
5978
5979
5980
5982
5983
5984
5985
5986
5988
5989
5990
5991
5996
5998
5999
6
60
6000
6002
6003
6004
6005
6006
6007
6008
6009
601
6010
6011
6012
6013
6014
6015
6017
602
6020
6021
6022
6025
6028
6029
6030
6031
6033
6034
6037
6038
6039
604
6040
6041
6043
6044
6045
6046
6047
6051
6052
6054
6055
6056
6057
6058
6059
6062
6064
6065
6066
6067
6069
6072
6073
6074
6076
6077
6078
6079
6080
6081
6082
6083
6084
6085
6086
6087
6088
6090
6091
6092
6094
6095
6096
6098
6099
61
6100
6103
6104
6106
6108
6112
6116
6119
6123
6125
6132
6133
6136
6143
6145
6146
615
6153
6154
6156
6163
6164
6165
6166
6167
6168
6169
617
6170
6171
6172
6173
6174
6177
6178
6179
618
6182
6183
6184
6186
6187
6188
6189
6190
6191
6193
6196
6198
6199
62
620
6202
6204
6205
6206
6207
6209
621
6210
6211
6217
6218
6220
6222
6238
6242
6244
6250
6270
628
6282
6285
6286
6287
6288
6292
6295
63
630
6312
6313
6315
6318
6328
6329
633
6330
6332
634
6340
6341
635
6373
6374
6383
6405
6427
643
6432
6433
6435
6436
6437
6438
6439
6440
6442
6443
6447
6448
6449
645
6451
6452
646
6470
6471
6472
6474
648
6484
6485
6487
6488
6491
6497
6498
6499
650
6503
6504
6510
6513
6514
6515
6516
6519
652
6520
6521
6527
6528
653
6530
6531
6532
6533
6534
655
6552
6553
6558
656
6568
6569
6570
6573
6577
6578
6579
6580
6581
6582
6584
6585
6586
6589
6590
6591
6592
6594
6595
6596
6597
6598
6599
6602
6603
6605
6607
6622
6627
6629
6630
6632
6635
6636
6637
6638
6641
6647
6648
6649
6650
6651
6652
6653
6654
6655
6656
6659
6660
6661
6662
6663
6664
6665
6667
6668
6669
667
6670
6671
6672
6673
6674
6675
6677
6678
6679
6680
6681
6682
6683
6684
6685
6686
6687
6688
6689
6690
6691
6693
6694
6695
6696
6698
6699
670
6701
6703
6706
6707
6708
6710
6713
6714
6715
6716
6717
6718
6719
672
6720
6721
6722
6723
6724
6725
6729
673
6731
6732
6734
674
6740
6741
6753
6754
6755
6756
6759
676
6762
6763
6766
6767
6768
6771
6776
6779
678
6780
6785
6786
6788
6789
679
6790
6791
6792
6793
6795
6798
6799
68
6800
6801
6802
6805
6806
6807
6808
6809
6811
6812
6813
6815
6816
6817
6818
6820
6821
6822
6823
6825
6826
6827
6830
6831
6832
6834
6835
6838
6839
6840
6845
6846
6847
6849
6850
6853
6856
6857
6858
6859
686
6860
6861
6862
6864
6865
6866
6868
6869
687
6870
6871
6872
6873
6874
6875
6876
6878
6881
6882
6883
6885
6887
6888
6891
6893
6900
6901
6902
6904
6905
6906
6907
6911
6913
6915
6916
6917
6918
692
6929
6932
6936
6937
6938
6939
694
6940
6941
6942
6943
6944
6945
6946
6948
6949
6950
6951
6952
6955
6957
6958
6959
696
6960
6961
6962
6964
6965
6966
6967
6968
6969
6970
6971
6972
6973
6974
6975
6976
6977
6984
6987
6989
699
6991
6998
6999
70
700
7000
7001
7002
7003
7004
7005
7006
7007
7008
7009
7011
7012
7013
7015
7016
7017
702
7020
7023
7025
7028
7029
703
7030
7031
7032
7033
7034
7035
7036
7038
7039
704
7040
7041
7042
7043
7044
705
7053
7057
7058
7059
706
7060
7061
7062
7064
7065
7066
7067
7068
7069
7071
7073
7074
7076
7077
7078
7079
7080
7082
7083
7084
7085
7087
7089
709
7095
71
7100
7102
7103
7104
7105
7107
7108
7109
7110
7111
7112
712
714
7147
7148
7149
715
7150
7151
7152
7156
7157
7159
716
7160
7161
7162
7163
7164
7165
7167
7168
717
7175
7176
7177
7178
718
7182
7185
7186
7187
7190
7191
7192
7193
7195
7198
7199
72
7201
7205
7206
7207
7208
7209
7211
7212
7213
7214
7215
7216
7217
7218
7220
7224
7225
7226
7227
7228
723
7230
7232
7233
7234
7236
7238
7239
724
7240
7241
7242
7243
7244
7245
7246
7247
7248
7249
7250
7251
7253
7254
7256
7258
7260
7261
7262
7263
7265
7267
7268
7269
7270
7271
7272
7273
7274
7275
7276
7277
7278
7279
7280
7282
7283
7285
7286
7288
7289
7293
7294
7296
7298
7299
730
7300
7302
7303
7304
7305
7306
7308
7309
731
7310
7311
7312
7313
7314
7315
7316
7317
7318
7319
7321
7322
7323
7325
7327
7328
7329
7330
7332
7333
7334
7335
7336
7337
7338
7339
7340
7341
7342
7344
7346
7347
7348
7349
735
7350
7351
7352
7353
7354
7356
7357
7358
7359
736
7360
7361
7362
7364
7365
7366
7368
7369
737
7370
7371
7372
7374
7375
7376
7379
7380
7381
7382
7383
7385
7386
7387
7388
7389
7390
7391
7392
7394
7395
7396
7398
7399
74
7400
7401
7402
7403
7404
7405
7406
7407
7409
741
7410
7411
7412
7413
7414
7415
7417
742
7421
7422
7425
7426
7429
7430
7431
7435
7436
7437
7438
7439
744
7440
7443
7445
7446
7447
7448
7449
745
7450
7451
7455
7457
7458
7459
746
7461
7462
7463
7464
7465
7466
7467
7468
7469
747
7470
7471
7472
7473
7474
7475
7476
7477
7480
7482
7483
7484
7485
7486
7487
7488
7489
7490
7491
7492
7493
7495
7497
7498
7499
7500
7501
7502
7503
7504
7505
7506
7507
7508
7509
7510
7511
7512
7513
7514
7517
7518
7519
752
7520
7521
7523
7524
7527
7528
7529
753
7530
7531
7532
7533
7534
7536
7537
7538
7544
7545
7546
7547
7548
7549
7550
756
759
760
7601
7602
7603
7615
763
7632
7633
7634
7635
7636
7637
7639
7640
7641
7642
7643
7647
7648
7649
7650
7651
7652
7653
7657
766
7661
7662
7663
7664
7666
7667
7668
7669
767
7670
7671
7673
7674
7675
7676
7677
7678
7679
768
7680
7681
7682
7683
7684
7685
7686
7687
7691
7692
7694
7697
7698
7700
7701
7702
7703
7706
7707
7709
7711
7712
7715
7716
772
7720
7722
7723
7725
7731
7732
7734
774
7743
7744
7748
7749
7751
7752
7753
7754
7755
7757
7759
7760
7765
7766
7767
7768
777
7770
7773
7774
7776
7777
7778
7779
7782
7784
7786
7788
7789
7790
7791
7792
7793
7794
7795
7797
7798
7799
78
7800
7801
7803
7804
7805
7806
7807
7808
7809
781
7810
7811
7812
7813
7814
7815
7816
7817
7818
7821
7822
7823
7824
7825
7826
7827
7828
7829
7830
7831
7832
7833
7834
7837
7838
784
7840
7841
7842
7843
7844
7845
7846
7847
7848
7849
7850
7851
7852
7853
7855
7856
7857
7858
7859
7860
7861
7862
7863
7864
7866
7867
7868
7870
7871
7872
7873
7874
7875
7876
7878
7879
788
7881
7882
7883
7884
7885
7886
7887
7888
7889
789
7890
7893
7894
7896
7897
7898
7899
79
790
7900
7901
7902
7903
7904
7905
791
7911
7912
7914
7916
7917
7918
7919
7920
7921
7925
7926
7927
7928
793
7931
7932
7933
7936
7937
7938
794
7940
7941
7942
7943
7944
7945
7947
7948
7949
7951
7952
7954
7955
796
7961
7963
7964
7965
7966
7967
7968
7969
797
7973
7974
7975
7976
7977
7979
798
7981
7982
7983
7984
7985
7986
7987
7988
7991
7992
7993
7994
7996
7998
7999
8
80
8000
8001
8002
8003
8004
8005
8006
8007
8010
8011
8013
8015
8016
8017
8018
8019
802
8020
8021
8022
8023
8024
8025
8026
8027
8028
8029
803
8031
8032
8033
8034
8035
8036
8038
8039
8040
8041
8042
8043
8044
8045
8046
8047
8048
8049
805
8050
8051
8052
8053
8054
8055
8056
8057
8058
8059
806
8060
8061
8062
8063
8065
8066
8067
8068
8069
807
8070
8071
8072
8073
8074
8075
8076
8083
8084
8085
8086
8087
8092
8093
8095
8096
8097
8099
8100
8101
8102
8103
8104
8106
8108
811
8117
8118
8125
8126
8128
8129
813
8132
8133
8134
8135
8136
8137
8139
814
8141
8142
8154
8156
8157
8158
8159
816
8160
8163
8164
8169
817
8170
8173
8174
8175
818
8183
8184
8188
8190
8191
8192
8193
8194
8195
8197
8198
8199
82
8200
8201
8202
8204
8205
8207
8208
821
8210
8211
8212
8213
8214
8216
8218
8219
8220
8221
8223
8224
8225
823
8231
8242
8243
8244
8246
8247
8248
8249
8250
8251
8252
8253
8254
8255
8256
8257
8272
8273
8274
8278
828
8290
8305
8306
8307
8309
8310
8317
8318
833
834
8346
8356
836
8360
8361
8362
8363
8364
8365
8366
8367
8368
8369
8370
8371
8372
8373
8374
8375
8376
8377
8378
8379
838
8380
8381
8382
8383
8384
8387
8389
8397
8398
8399
8400
8401
8402
8403
8404
8405
8408
8409
841
8413
8414
8418
8419
8420
8421
8423
8425
8426
8427
843
8431
8432
8434
8435
844
8453
8455
8459
8460
8465
847
8477
8478
8479
848
8480
8482
8484
8485
8486
8487
8488
8489
8490
850
8506
8508
851
8514
8517
8518
8520
8527
8528
8529
853
8530
8531
8532
8533
8535
8536
8537
8538
8539
8541
8545
855
8550
8553
8556
8557
8558
8559
8560
8561
8562
8563
8566
8567
8568
8569
857
8570
8573
8574
8575
8576
8577
8578
8579
858
8583
8584
8585
8586
8588
8589
859
8590
8591
8592
8593
8594
8596
8597
8598
8599
860
8601
8602
8603
8604
8605
8606
8607
8608
861
8614
8615
8616
8617
8618
8623
8624
8625
8626
8627
8629
863
8630
8634
8635
8636
8637
8639
8640
8642
8644
8645
8648
8649
8650
8651
8652
8653
8654
8657
8658
8659
866
8660
8663
8671
8674
8676
8677
8680
8681
8684
8685
8686
8688
8689
8693
8695
8699
8703
8704
8705
8709
8711
8715
8716
872
8720
8723
8727
8728
8729
873
8731
8732
8736
8738
8739
874
8741
8742
8743
8744
8747
8749
875
8750
8756
8759
8760
8761
8764
8769
8770
8775
8778
8783
8786
8790
8791
8792
8793
8796
8797
8804
8805
8806
881
8815
8816
882
8820
8824
8825
8827
8829
883
8835
8838
884
8843
8844
8846
885
8850
8851
8856
8857
8858
8859
8860
8861
8865
8866
8869
887
8870
8877
8879
888
8891
8892
8894
8899
8900
8902
8904
8905
8906
8909
8910
8912
8914
8920
8922
8923
8924
8925
8926
8928
8929
893
8930
8931
8932
8933
8936
8937
8939
8941
8942
8943
8944
8945
8948
8950
8951
8952
8954
896
8960
8966
8967
8968
897
8972
8977
8979
8980
8981
8982
8985
8989
8991
8993
8997
8999
9
90
900
9006
9009
9011
9012
9014
9016
9018
902
9020
9026
9029
903
9033
9037
9038
904
9043
9044
9046
9047
9056
9062
9068
9069
9070
9071
9078
9079
908
9084
9085
909
9092
9093
9094
9096
9099
91
9102
9103
9105
9106
9107
9108
9112
9118
9120
9122
9127
9131
9132
9133
9135
9136
9138
914
9141
9144
9145
9147
9149
9151
9152
9153
9157
916
9160
9161
9164
9167
9168
9169
917
9170
9172
9173
9174
9176
9177
9178
9179
9184
9186
9192
9193
9194
9195
9196
9197
9198
92
920
9201
9202
9207
9208
9209
921
9210
9211
9216
9217
9221
9222
9224
9225
9228
9229
9233
9234
9237
9239
924
9246
9247
9248
9253
9256
926
9260
9261
9263
9265
9267
9269
9270
9272
9274
9275
9276
9277
9278
928
9281
9284
9285
9286
9288
9289
929
9291
9295
9297
9298
93
9303
9304
9306
9307
931
9310
9312
9315
9316
9317
9318
9319
9321
9326
9327
9331
9335
9336
9337
9338
934
9342
9345
9348
9350
9352
9355
9357
9359
9360
9361
9362
9366
9369
9371
9377
938
9382
9384
9385
9389
9392
9394
9396
9397
9398
9399
9400
9405
9406
941
9411
9412
9414
9415
9416
9417
9419
9420
9421
9422
9426
9427
943
9432
9435
9436
9437
9438
9439
9440
945
9451
9453
9454
9456
9459
9461
9462
9463
9464
9465
9468
9469
9470
9471
9473
9474
9475
9479
9482
9483
9487
949
9490
9494
9497
9498
95
9500
9504
9505
9506
9508
9509
9510
9513
9516
9517
9519
952
9521
9522
9527
9528
9529
9537
9538
9539
9540
9542
9548
9549
9552
9554
9557
9558
9559
956
9560
9564
9566
957
9571
9577
9582
9584
9585
9588
9589
959
9590
9592
9593
9595
9596
96
960
9602
9603
9609
9611
9612
9613
9614
9617
9620
9621
9623
9624
9626
9627
963
9632
9634
9638
9639
964
9640
9641
9642
9643
9644
9645
965
9650
9653
9656
9657
9661
9662
9664
9666
9668
9669
9670
9671
9679
9688
9690
9693
9694
9695
9696
97
9700
9703
9704
9710
9713
9714
9715
9716
9719
972
9723
9724
9726
9729
9730
9731
9732
9733
9735
9740
9745
9747
9748
9749
975
9750
9753
9758
976
9760
9761
9768
977
9771
9773
9774
978
9783
9786
9790
9792
9793
9794
9799
98
980
9804
9805
9806
9807
981
9811
9812
9814
9816
9817
9818
9819
982
9820
9822
9823
9824
9825
9826
9828
9831
9832
9833
9834
9835
9836
9837
984
9841
9844
9846
9847
9856
986
9860
9862
9863
9865
9866
9868
9869
9871
9872
9873
9874
9875
9876
9877
9878
9879
988
9884
9887
9888
9889
9890
9894
99
990
9902
9906
9907
9910
9912
9915
9916
9925
9926
9930
9933
9936
9937
9940
9942
9944
9948
9951
9954
9955
9956
9957
9958
9959
9961
9962
9965
9966
9968
9969
997
9972
9975
9976
9977
9979
998
9980
9981
9982
9983
9985
9989
999
9990
9993
9998
28607
5813
5814
5816
5823
28605
28606
10
28608
8871
28245
9019
21469
28164
9425
27782
25015
27195
21474
21485
28615
28616
28617
28621
28622
28613
28611
28610
28612
28626
28627
28628
28629
28630
28632
9692
10820
28633
28634
21440
28671
20623
8784
28640
28670
9637
28668
28673
28674
28675
28678
28677
28676
28687
28689
28691
28692
28693
28695
10452
10095
10962
10835
13400
12527
586
663
20272
28684
2765
2874
28681
6137
6760
28683
28679
6152
28680
17950
28682
6517
28685
12502
27941
28699
28700
10523
28701
28702
11023
28704
28705
28706
28710
28711
28712
28714
28715
28716
28718
28721
28722
28723
28724
28725
11133
28727
28728
28730
28731
28732
28735
28733
28734
28736
9116
28737
28738
28739
28742
28743
28745
28746
28747
28748
28751
28752
8719
28753
28755
28756
28757
28759
28760
28761
28764
28765
28766
28767
28769
10531
28698
28708
787
28707
28709
4393
28604
22655
21447
1157
28770
28772
28773
28774
28775
28776
28778
28779
28780
28786
28785
28784
28783
28777
28781
28782
552
689
28810
28856
28806
28807
2165
28857
28855
28808
6478
28842
28804
3406
28859
28861
28860
28815
16604
28809
28805
4902
28813
6782
28811
28812
28858
21794
28789
28790
28791
28792
28793
28794
28796
28797
28799
28800
28816
28817
28818
28801
28823
8876
28824
28825
28827
10533
28828
28833
28834
28835
28836
28837
28838
10536
28839
28840
8957
8959
8965
28841
28843
8946
28846
28848
28849
28850
28851
28853
28802
28803
28974
28975
28976
28977
28979
28980
9042
28981
28983
28984
28986
9061
9064
9067
9073
28989
28998
28999
29001
29003
29004
10540
29005
29007
29008
29009
29010
29012
28991
28992
28953
28952
28964
28955
28967
28968
28965
28962
28951
6215
14020
28963
28954
28966
28973
28985
28956
28993
29038
86
88
85
87
29037
29031
29030
29046
29053
29050
3263
29039
29054
29040
29044
29048
5652
29041
8687
29027
29028
8921
9007
29016
29018
29020
29019
29021
22888
29022
9156
29023
9388
29029
10317
22932
11310
11483
23911
23047
29079
9784
10299
10375
22292
29080
29070
29076
29075
29071
29085
22399
22400
22401
14945
14944
22402
14946
13367
14943
14947
29060
20720
29088
29089
29090
29091
29092
29094
29093
29095
29096
29086
3156
29099
29098
22082
29149
29150
9083
29151
9143
9166
9254
9605
9697
9707
29152
9987
10043
26065
8958
10253
29153
24753
11481
10657
29154
29129
29137
29132
29135
29042
5286
5299
1264
29138
29180
24352
25334
9803
10306
10365
29217
29205
29244
25213
10366
21067
10866
10928
15943
29239
29240
29218
29219
29246
19165
29250
29265
29261
29266
29269
21277
29273
29270
23001
23002
11173
29272
29271
29274
73
29281
17565
3087
29282
29283
29308
29312
368
29313
29306
29311
29309
29305
29307
29310
8706
9081
9901
10481
27784
29341
29354
24204
29355
25177
9424
24649
29358
29357
29359
29360
25426
11288
10792
29366
29367
16896
29368
29369
10545
29372
29370
29374
24752
9308
24207
29371
21336
24123
11395
20114
29402
29414
29421
29422
29423
29424
29426
29428
29429
11118
8801
8887
29430
29431
29432
29434
29436
29437
29438
9273
29439
9294
29441
29442
29443
29444
9408
29449
29446
29447
10015
29451
10177
29445
29450
29452
11301
29448
10674
29454
28696
29457
29458
25200
29456
29461
29459
29460
11207
29468
29467
29466
26866
29464
29463
29465
29472
8817
28822
29477
29474
29476
29475
11068
11138
11143
8664
8700
28763
8798
29478
8868
8938
8940
8955
9024
9027
9045
9086
9090
9134
9159
29480
9155
9242
9262
29482
29494
29483
9358
29484
29485
9364
29487
29488
29490
29489
9496
29486
29491
29492
9573
29493
9615
29495
9636
29497
29496
29481
14009
19482
19483
19855
12482
29420
15782
16410
15972
15765
12528
29499
9683
29504
29506
9838
29505
29507
9898
9921
9997
9089
10013
10041
10130
29508
10142
29509
10162
10174
10176
29510
10188
10205
10217
29503
28688
22516
10991
8737
9158
9346
9547
9578
29553
29565
29512
10204
29513
29515
29516
29517
10312
10319
10326
10340
29518
29519
11153
11166
29520
29521
29522
29523
29524
11253
29556
11291
11295
11316
29527
29555
29529
29528
29570
29530
29531
29532
29533
11460
29551
29552
10474
29560
29554
10728
29557
29559
29561
29563
29562
29558
29514
29511
29587
29580
29585
29583
29590
8994
9125
29598
9533
9660
10046
11343
29600
10854
29601
29611
29612
10426
29605
29604
29603
29620
18561
27613
17586
17585
17584
17590
17591
18527
29345
15784
17929
29618
29617
29627
915
20647
3626
4090
4814
18535
29632
27137
29628
29630
29629
29633
29631
9534
29621
24729
29641
29643
29642
29644
29645
22507
29648
29440
21391
29653
10970
29658
29654
29656
29657
29646
29659
10975
29647
29655
29660
27136
18539
29347
29650
16409
27168
29637
29639
27170
18534
28116
29651
18530
18533
18544
29638
17582
29649
19188
12210
28872
22394
29661
14504
29682
29677
29678
29679
29680
29681
29676
29684
29683
9271
10563
10166
29688
29689
29690
29687
29686
29584
29692
29702
29691
29699
29693
29694
29695
29696
29698
29697
29700
29701
6465
20526
6644
5207
29705
9370
29625
29706
29703
29032
29710
10107
11050
8665
9418
10028
24154
10212
29722
29723
29724
25424
26577
29716
23791
29717
29409
29719
29721
29720
27284
29715
29718
29725
29749
16404
16405
28690
10961
26119
29733
29734
29735
29736
29737
29738
29739
29740
29741
29742
29745
29748
11038
11071
29743
29746
29731
9230
29744
29747
29732
11025
26146
29750
11036
22593
29751
11054
11056
11082
28713
29752
384
15990
15989
1456
2776
1797
6255
6486
27758
29756
29757
28098
5860
12539
29760
29759
12530
20522
1938
4074
27410
29771
29768
29763
29764
29765
29766
29767
11077
29769
29770
11088
6089
2692
3184
12510
15865
18543
12509
12508
15780
17942
12990
15871
29776
15762
17608
12524
16411
29775
17614
29479
15764
29362
29363
15973
11037
27718
25345
10250
24823
21557
12511
29785
10099
10100
29784
29786
29787
29788
29780
29599
22312
29804
29803
29781
29806
29805
29801
29802
15774
12500
29799
29800
29817
29807
29808
11098
9616
29809
29810
11105
28719
11108
11117
11120
29811
11122
29812
29813
29815
29816
9908
11293
25316
29814
29634
29824
29826
29827
29825
29823
29591
29822
29835
29836
29837
29841
29842
29843
29845
29849
29846
29847
29848
28865
29854
29857
29858
29862
29863
29864
29903
29904
29905
29906
29907
29908
29909
8641
29455
29929
28354
29934
29943
29949
29950
25173
29946
29947
29938
24657
12207
12206
1792
29820
29974
18547
29964
29975
29976
29970
29927
18542
28869
28871
29965
29977
29973
28117
15947
29978
29819
24799
29961
29962
22963
29963
24821
29960
274
275
290
299
625
710
733
812
923
932
948
1028
1504
1700
1720
14078
1974
2025
6219
5252
5424
5745
5772
12515
12520
26990
29984
1586
30010
30006
30007
30008
30009
17926
30003
15937
10134
29728
8845
8897
8896
24137
10029
30018
10087
30019
11411
25251
30030
30026
30002
11653
3283
81
29991
1998
29828
4180
30033
30016
27171
29993
15978
15976
30075
19212
29992
28119
9054
30072
30071
30038
30034
30073
30076
30077
6254
12211
3141
4508
5795
28118
30086
30087
30088
11126
10420
24147
30089
11132
30090
30099
11149
11150
30092
30093
30097
8661
8662
23055
30101
8666
30103
8669
30104
30105
30106
30107
30094
30095
30096
10600
30060
647
25011
28206
30001
4769
4770
3237
12540
19614
30126
51
671
985
1149
1468
2769
2987
3105
3267
3540
3691
3749
12212
3957
30049
29971
4606
4607
4608
4609
12209
5352
5353
30055
5661
30172
18541
18540
28120
30058
12477
30061
30045
28114
30051
30174
11377
30173
10883
10898
27
28
1982
2724
3682
3823
5294
5306
30187
30188
30189
8701
30195
9258
9378
30194
9386
9712
9739
11180
11348
30196
9499
12523
289
30202
29928
30200
30201
30054
26991
30053
30190
30191
30198
30199
19206
30192
11340
30207
30210
15948
30211
455
1012
1036
2238
11808
2653
3520
4266
30062
29794
30041
30221
24298
11061
8726
9231
24228
9601
24792
21724
21312
30225
30025
20069
4023
11073
30039
30059
30056
1045
30244
6506
30238
1224
30063
30234
3425
30246
30235
30231
30245
30237
30057
30233
17604
30232
30228
30236
30229
29997
30239
30043
30249
30248
30252
30253
30254
30247
30250
30251
30257
30258
10988
11112
8882
9241
22828
30259
29582
30260
30262
30284
30282
30280
30265
30267
30268
8678
30269
8683
30272
28740
28741
8692
30273
8690
8691
30274
30275
8697
30276
23056
30277
30278
30266
13874
17838
13877
17841
13879
17843
13881
17845
20023
20507
30294
15807
12672
17875
30372
12675
17865
13831
17870
8342
30378
30291
30293
1006
30379
18536
18537
30391
30392
30393
30394
30395
30396
30397
10369
30212
30383



