00023
00125
00213
00235
00300
00341
00353
00384
00417
00503
00509
00541
00553
00648
00653
00669
00684
00685
00686
00780
00784
00954
00966
00991
01007
01215
01256
01259
01269
01282
01331
01379
01441
01459
01556
01623
01703
01771
01848
01871
01933
01941
01971
02049
02052
02060
02106
02110
02137
02227
02237
02239
02252
02287
02378
02423
02471
02513
02603
02618
02622
02865
02915
02987
03005
03205
03228
03562
03578
03655
03693
03721
03788
03789
03815
03824
03905
04012
04052
04142
04175
04283
04315
04316
04326
04360
04651
04720
04760
04769
04881
04922
05017
05047
05170
05177
05216
05371
05439
05462
05466
05468
05491
05608
05698
05727
05826
05864
05997
05999
06043
06083
06213
06242
06304
06346
06379
06601
06676
06788
06817
06958
06996
07091
07149
07231
07236
07237
07308
07435
07438
07533
07699
07780
07803
07877
07919
07956
07975
07983
07993
08024
08108
08146
08169
08170
08186
08386
08433
08438
08442
08456
08505
08520
08610
08612
08625
08652
08653
08667
08683
08703
08822
08837
08853
08873
09074
09088
09116
09124
09239
09280
09302
09371
09464
09530
09738
09904
09907
10228
10232
10240
10388
10476
10477
10498
10546
10617
10835
10836
10867
10885
11141
11350
11479
11507
11577
11628
11710
11852
11910
11975
12018
12025
12036
12093
12243
12335
12336
12577
12770
13066
13133
13197
13201
13307
13361
13474
13478
13499
13774
13853
13880
13967
14293
14412
14573
14751
14752
14788
14846
14890
14960
14999
15001
15002
15003
15005
15009
15010
15015
15086
15131
15217
15229
15230
15511
15616
15635
15636
15638
15639
15640
16089
16114
16124
16144
16151
16200
16203
16231
16242
16259
16272
16496
16520
16675
16830
16831
16832
16840
16863
16873
16948
16955
16958
16986
17094
17115
17218
17274
17550
17886
18124
18139
18683
18703
18830
18974
18979
18982
18984
19176
19177
19178
19403
19441
19464
19467
19469
19611
19615
19721
19736
19779
19798
19805
19850
19965
20028
20039
20044
20171
20254
20255
20297
20379
20381
20382
20630
20631
20650
20651
20681
20704
20705
20707
20708
20709
20710
20730
20760
20762
20789
20816
20874
20911
20912
20913
20914
20915
20918
21042
21043
21044
21045
21047
21345
21363
21364
21452
21453
21504
21508
21527
21543
21551
21590
21591
21620
21621
21664
21717
21757
22079
22097
22109
22170
22176
22202
22311
22365
22413
22527
22826
22828
22829
22832
22841
22845
22847
22851
22869
22876
22886
22890
22897
22898
22899
22900
22901
22902
22903
22904
22905
22906
22930
22931
22932
22933
22934
22935
22936
22937
22938
22939
22940
22941
23116
23127
23128
23129
23130
23220
23291
23294
23298
23301
23399
23402
23552
23571
23572
23584
23585
23592
23593
23594
23598
23606
23610
23646
23689
23694
23746
23872

26079